0 53 22 0
1 34 28 1
2 2 5 19
3 40 85 19
4 88 38 22
5 74 20 20
6 82 21 11
7 0 46 2
8 84 31 5
9 11 12 20
10 42 37 22
11 90 44 2
12 85 22 2
13 9 8 11
14 4 51 22
15 3 10 19
16 90 40 3
17 41 33 1
18 10 50 2
19 96 45 16
20 48 90 2
21 87 31 13
22 79 26 7
23 39 32 8
24 0 91 16
25 89 45 14
26 91 46 4
27 3 53 14
28 44 0 7
29 89 41 20
30 40 32 14
31 42 86 7
32 0 13 9
33 97 45 7
34 1 50 5
35 45 94 10
36 36 33 13
37 4 15 25
38 42 88 1
39 42 29 22
40 92 0 9
41 75 26 3
42 78 0 8
43 77 29 10
44 5 47 19