0 37 35 0
1 61 78 6
2 18 33 11
3 10 7 14
4 48 26 7
5 96 58 12
6 16 97 16
7 102 67 6
8 97 67 18
9 20 17 7
10 110 77 20
11 26 101 7
12 102 74 23
13 98 64 16
14 71 82 10
15 101 60 9
16 104 69 18
17 70 85 8
18 17 9 15
19 56 34 9
20 105 69 23
21 20 8 7
22 103 63 15
23 105 76 14
24 25 35 21
25 28 43 25
26 58 36 14
27 56 32 11
28 65 87 19
29 70 80 12
30 100 65 8
31 102 61 25
32 99 73 17
33 24 103 22
34 26 107 11
35 21 39 16
36 99 71 16
37 20 16 8
38 56 30 23
39 51 31 15
40 106 70 13