0 11 83 0
1 37 61 2
2 77 81 1
3 35 21 3
4 1 93 9
5 21 39 13
6 63 7 21
7 97 95 6
8 3 7 22
9 5 3 10
10 36 22 23
11 64 10 2
12 6 8 15
13 24 40 10
14 86 82 23
15 68 14 8
16 28 46 5
17 10 8 14
18 8 14 6
19 10 10 15
20 104 104 18
21 38 24 15
22 80 82 10
23 22 46 17
24 26 40 1
25 4 10 1
26 10 12 18
27 26 44 7
28 4 10 12
29 4 98 9
30 78 82 26
31 64 8 60
32 98 98 12
33 24 40 17
34 10 8 9
35 8 96 7
36 8 8 13
37 84 90 24
38 8 8 10
39 86 86 17
40 6 94 24
41 10 10 25
42 80 82 1
43 102 96 20
44 36 26 14
45 44 28 6
46 22 46 9
47 100 100 11
48 28 42 2
49 30 40 11
50 78 84 17
51 10 4 3
52 78 84 1
53 6 8 8
54 10 94 12
55 40 66 9
56 10 16 13